import matplotlib.pyplot as plt
l = [
[0.,0.],
[0.115264,0.175836],
[0.221312,0.343488],
[0.318528,0.503172],
[0.407296,0.655104],
[0.488,0.7995],
[0.561024,0.936576],
[0.626752,1.066548],
[0.685568,1.189632],
[0.737856,1.306044],
[0.784,1.416],
[0.824384,1.519716],
[0.859392,1.617408],
[0.889408,1.709292],
[0.914816,1.795584],
[0.936,1.8765],
[0.953344,1.952256],
[0.967232,2.023068],
[0.978048,2.089152],
[0.986176,2.150724],
[0.992,2.208],
[0.995904,2.261196],
[0.998272,2.310528],
[0.999488,2.356212],
[0.999936,2.398464],
[1.,2.4375],
[1.000064,2.473536],
[1.000512,2.506788],
[1.001728,2.537472],
[1.004096,2.565804],
[1.008,2.592],
[1.013824,2.616276],
[1.021952,2.638848],
[1.032768,2.659932],
[1.046656,2.679744],
[1.064,2.6985],
[1.085184,2.716416],
[1.110592,2.733708],
[1.140608,2.750592],
[1.175616,2.767284],
[1.216,2.784],
[1.262144,2.800956],
[1.314432,2.818368],
[1.373248,2.836452],
[1.438976,2.855424],
[1.512,2.8755],
[1.592704,2.896896],
[1.681472,2.919828],
[1.778688,2.944512],
[1.884736,2.971164],
[2.,3.],
[2.115264,3.027032],
[2.221312,3.048256],
[2.318528,3.063864],
[2.407296,3.074048],
[2.488,3.079],
[2.561024,3.078912],
[2.626752,3.073976],
[2.685568,3.064384],
[2.737856,3.050328],
[2.784,3.032],
[2.824384,3.009592],
[2.859392,2.983296],
[2.889408,2.953304],
[2.914816,2.919808],
[2.936,2.883],
[2.953344,2.843072],
[2.967232,2.800216],
[2.978048,2.754624],
[2.986176,2.706488],
[2.992,2.656],
[2.995904,2.603352],
[2.998272,2.548736],
[2.999488,2.492344],
[2.999936,2.434368],
[3.,2.375],
[3.000064,2.314432],
[3.000512,2.252856],
[3.001728,2.190464],
[3.004096,2.127448],
[3.008,2.064],
[3.013824,2.000312],
[3.021952,1.936576],
[3.032768,1.872984],
[3.046656,1.809728],
[3.064,1.747],
[3.085184,1.684992],
[3.110592,1.623896],
[3.140608,1.563904],
[3.175616,1.505208],
[3.216,1.448],
[3.262144,1.392472],
[3.314432,1.338816],
[3.373248,1.287224],
[3.438976,1.237888],
[3.512,1.191],
[3.592704,1.146752],
[3.681472,1.105336],
[3.778688,1.066944],
[3.884736,1.031768],
[4.,1.],
[4.115264,0.971196],
[4.221312,0.944768],
[4.318528,0.920692],
[4.407296,0.898944],
[4.488,0.8795],
[4.561024,0.862336],
[4.626752,0.847428],
[4.685568,0.834752],
[4.737856,0.824284],
[4.784,0.816],
[4.824384,0.809876],
[4.859392,0.805888],
[4.889408,0.804012],
[4.914816,0.804224],
[4.936,0.8065],
[4.953344,0.810816],
[4.967232,0.817148],
[4.978048,0.825472],
[4.986176,0.835764],
[4.992,0.848],
[4.995904,0.862156],
[4.998272,0.878208],
[4.999488,0.896132],
[4.999936,0.915904],
[5.,0.9375],
[5.000064,0.960896],
[5.000512,0.986068],
[5.001728,1.012992],
[5.004096,1.041644],
[5.008,1.072],
[5.013824,1.104036],
[5.021952,1.137728],
[5.032768,1.173052],
[5.046656,1.209984],
[5.064,1.2485],
[5.085184,1.288576],
[5.110592,1.330188],
[5.140608,1.373312],
[5.175616,1.417924],
[5.216,1.464],
[5.262144,1.511516],
[5.314432,1.560448],
[5.373248,1.610772],
[5.438976,1.662464],
[5.512,1.7155],
[5.592704,1.769856],
[5.681472,1.825508],
[5.778688,1.882432],
[5.884736,1.940604],
[6.,2.],
]

x=[]
y=[]

for i in l:
	x.append(i[0])
	y.append(i[1])

plt.plot(x,y)
plt.show()
